min,elapsed_s,cur_temp,target,error,rate_cpm,on_time,off_time,cycle_time,ssr_state,mode,predicted_peak
0,18,220.1,220.0,-0.1,0.00,0.00,10.00,10.00,0,startup,220.1
0,29,220.1,220.1,0.0,0.00,0.00,10.00,10.00,0,startup,220.1
0,39,220.1,220.1,0.0,0.00,0.00,10.00,10.00,0,hold,220.1
0,49,220.1,220.1,0.0,0.00,0.00,10.00,10.00,0,hold,220.1
0,59,220.0,220.1,0.1,-0.15,0.00,10.00,10.00,0,hold,220.0
1,69,220.1,220.1,0.0,0.00,0.00,10.00,10.00,0,hold,220.1
1,79,220.0,220.1,0.1,-0.15,0.00,10.00,10.00,0,hold,220.0
1,89,220.0,220.1,0.1,-0.15,0.00,10.00,10.00,0,hold,220.0
1,99,219.9,220.1,0.2,-0.15,0.00,10.00,10.00,0,hold,219.9
1,109,219.9,220.1,0.2,-0.30,0.00,10.00,10.00,0,hold,219.9
1,119,220.0,220.1,0.1,0.00,0.00,10.00,10.00,0,hold,220.0
2,129,219.9,220.1,0.2,-0.15,0.00,10.00,10.00,0,hold,219.9
2,139,219.8,220.1,0.3,-0.15,0.00,10.00,10.00,0,hold,219.8
2,149,219.7,220.1,0.4,-0.30,0.00,10.00,10.00,0,hold,219.7
2,159,219.7,220.1,0.4,-0.45,0.00,10.00,10.00,0,hold,219.7
2,169,219.7,220.1,0.4,-0.30,0.00,10.00,10.00,0,hold,219.7
2,179,219.6,220.1,0.5,-0.30,0.00,10.00,10.00,0,hold,219.6
3,189,219.6,220.1,0.5,-0.15,0.00,10.00,10.00,0,hold,219.6
3,199,219.6,220.1,0.5,-0.15,0.00,10.00,10.00,0,hold,219.6
3,209,219.6,220.1,0.5,-0.15,0.00,10.00,10.00,0,hold,219.6
3,219,219.5,220.1,0.6,-0.15,0.00,10.00,10.00,0,hold,219.5
3,229,219.3,220.1,0.8,-0.45,0.00,10.00,10.00,0,hold,219.3
3,239,219.4,220.1,0.7,-0.30,0.00,10.00,10.00,0,hold,219.4
4,249,219.4,220.1,0.7,-0.30,0.00,10.00,10.00,0,hold,219.4
4,259,219.3,220.1,0.8,-0.30,0.00,10.00,10.00,0,hold,219.3
4,269,219.2,220.1,0.9,-0.15,0.00,10.00,10.00,0,hold,219.2
4,280,219.3,220.1,0.8,-0.15,0.00,10.00,10.00,0,hold,219.3
4,290,219.1,220.1,1.0,-0.44,0.00,10.00,10.00,0,hold,219.1
5,300,219.0,220.1,1.1,-0.44,0.00,10.00,10.00,0,hold,219.0
5,310,219.0,220.1,1.1,-0.29,0.00,10.00,10.00,0,hold,219.0
5,320,219.0,220.1,1.1,-0.45,0.00,10.00,10.00,0,hold,219.0
5,330,218.9,220.1,1.2,-0.30,0.00,10.00,10.00,0,hold,218.9
5,340,218.8,220.1,1.3,-0.30,0.00,10.00,10.00,0,hold,218.8
5,350,218.8,220.1,1.3,-0.30,0.00,10.00,10.00,0,hold,218.8
6,360,218.6,220.1,1.5,-0.60,0.00,10.00,10.00,0,hold,218.6
6,370,218.6,220.1,1.5,-0.45,0.00,10.00,10.00,0,hold,218.6
6,380,218.5,220.1,1.6,-0.45,2.50,7.50,10.00,1,hold,218.9
6,390,218.5,220.1,1.6,-0.45,2.50,7.50,10.00,1,hold,218.9
6,400,218.4,220.1,1.7,-0.30,2.50,7.50,10.00,1,hold,218.8
6,410,218.4,220.1,1.7,-0.30,2.50,7.50,10.00,1,hold,218.8
7,420,218.3,220.1,1.8,-0.30,2.50,7.50,10.00,1,hold,218.7
7,432,218.3,220.1,1.8,-0.29,2.50,7.50,10.00,1,hold,218.7
7,442,218.2,220.1,1.9,-0.29,2.50,7.50,10.00,1,hold,218.6
7,452,218.1,220.1,2.0,-0.43,2.50,7.50,10.00,1,hold,218.5
7,462,218.0,220.1,2.1,-0.43,2.50,7.50,10.00,1,hold,218.4
7,472,218.1,220.1,2.0,-0.30,2.50,7.50,10.00,1,hold,218.5
8,482,218.0,220.1,2.1,-0.30,2.50,7.50,10.00,1,hold,218.4
8,492,217.9,220.1,2.2,-0.30,2.50,7.50,10.00,1,hold,218.3
8,502,217.9,220.1,2.2,-0.15,2.50,7.50,10.00,1,hold,218.3
8,512,217.7,220.1,2.4,-0.60,2.50,7.50,10.00,1,hold,218.1
8,522,217.9,220.1,2.2,-0.15,2.50,7.50,10.00,1,hold,218.3
8,532,217.7,220.1,2.4,-0.30,2.50,7.50,10.00,1,hold,218.1
9,542,217.6,220.1,2.5,-0.45,2.50,7.50,10.00,1,hold,218.0
9,552,217.6,220.1,2.5,-0.15,2.50,7.50,10.00,1,hold,218.0
9,563,217.6,220.1,2.5,-0.44,2.50,7.50,10.00,1,hold,218.0
9,573,217.6,220.1,2.5,-0.15,2.50,7.50,10.00,1,hold,218.0
9,583,217.6,220.1,2.5,0.00,2.50,7.50,10.00,1,hold,218.0
9,593,217.6,220.1,2.5,0.00,2.50,7.50,10.00,1,hold,218.0
10,603,217.5,220.1,2.6,-0.15,2.50,7.50,10.00,1,hold,217.9
10,613,217.5,220.1,2.6,-0.15,2.50,7.50,10.00,1,hold,217.9
10,623,217.5,220.1,2.6,-0.15,2.50,7.50,10.00,1,hold,217.9
10,633,217.4,220.1,2.7,-0.30,2.50,7.50,10.00,1,hold,217.8
10,643,217.4,220.1,2.7,-0.15,2.50,7.50,10.00,1,hold,217.8
10,653,217.5,220.1,2.6,0.00,2.50,7.50,10.00,1,hold,217.9
11,663,217.5,220.1,2.6,0.00,2.50,7.50,10.00,1,hold,217.9
11,673,217.5,220.1,2.6,0.15,2.50,7.50,10.00,1,hold,217.9
11,683,217.5,220.1,2.6,0.15,2.50,7.50,10.00,1,hold,217.9
11,693,217.6,220.1,2.5,0.15,2.50,7.50,10.00,1,hold,218.0
11,703,217.5,220.1,2.6,0.00,2.50,7.50,10.00,1,hold,217.9
11,713,217.6,220.1,2.5,0.15,2.50,7.50,10.00,1,hold,218.0
12,723,217.7,220.1,2.4,0.30,2.50,7.50,10.00,1,hold,218.1
12,733,217.7,220.1,2.4,0.15,2.50,7.50,10.00,1,hold,218.1
12,743,217.8,220.1,2.3,0.45,2.50,7.50,10.00,1,hold,218.2
12,754,217.9,220.1,2.2,0.44,2.50,7.50,10.00,1,hold,218.3
12,764,218.0,220.1,2.1,0.44,2.50,7.50,10.00,1,hold,218.4
12,774,218.2,220.1,1.9,0.73,2.50,7.50,10.00,1,hold,218.6
13,784,218.2,220.1,1.9,0.59,2.50,7.50,10.00,1,hold,218.6
13,794,218.3,220.1,1.8,0.60,2.50,7.50,10.00,1,hold,218.7
13,804,218.4,220.1,1.7,0.60,2.50,7.50,10.00,1,hold,218.8
13,814,218.6,220.1,1.5,0.60,0.00,10.00,10.00,0,hold,218.6
13,824,218.7,220.1,1.4,0.75,0.00,10.00,10.00,0,hold,218.7
13,834,218.7,220.1,1.4,0.60,0.00,10.00,10.00,0,hold,218.7
14,844,218.8,220.1,1.3,0.60,0.00,10.00,10.00,0,hold,218.8
14,856,218.9,220.1,1.2,0.43,0.00,10.00,10.00,0,hold,218.9
14,866,218.9,220.1,1.2,0.29,0.00,10.00,10.00,0,hold,218.9
14,876,219.2,220.1,0.9,0.71,0.00,10.00,10.00,0,hold,219.2
14,886,219.1,220.1,1.0,0.43,0.00,10.00,10.00,0,hold,219.1
14,896,219.4,220.1,0.7,0.75,0.00,10.00,10.00,0,hold,219.4
15,906,219.4,220.1,0.7,0.75,0.00,10.00,10.00,0,hold,219.4
15,916,219.6,220.1,0.5,0.60,0.00,10.00,10.00,0,hold,219.6
15,926,219.6,220.1,0.5,0.75,0.00,10.00,10.00,0,hold,219.6
15,936,219.6,220.1,0.5,0.30,0.00,10.00,10.00,0,hold,219.6
15,946,219.8,220.1,0.3,0.60,0.00,10.00,10.00,0,hold,219.8
15,956,219.9,220.1,0.2,0.45,0.00,10.00,10.00,0,hold,219.9
16,966,220.0,220.1,0.1,0.60,0.00,10.00,10.00,0,hold,220.0
16,976,220.1,220.1,0.0,0.75,0.00,10.00,10.00,0,hold,220.1
16,986,220.3,220.1,-0.2,0.75,0.00,10.00,10.00,0,hold,220.3
16,996,220.4,220.1,-0.3,0.75,0.00,10.00,10.00,0,hold,220.4
16,1006,220.6,220.1,-0.5,0.90,0.00,10.00,10.00,0,hold,220.6
16,1016,220.7,220.1,-0.6,0.90,0.00,10.00,10.00,0,hold,220.7
17,1026,220.9,220.1,-0.8,0.90,0.00,10.00,10.00,0,hold,220.9
17,1036,221.0,220.1,-0.9,0.90,0.00,10.00,10.00,0,hold,221.0
17,1046,221.1,220.1,-1.0,0.75,0.00,10.00,10.00,0,hold,221.1
17,1056,221.3,220.1,-1.2,0.90,0.00,10.00,10.00,0,hold,221.3
17,1066,221.4,220.1,-1.3,0.75,0.00,10.00,10.00,0,hold,221.4
17,1076,221.8,220.1,-1.7,1.20,0.00,10.00,10.00,0,hold,221.8
18,1086,221.9,220.1,-1.8,1.20,0.00,10.00,10.00,0,hold,221.9
18,1096,222.1,220.1,-2.0,1.20,0.00,10.00,10.00,0,hold,222.1
18,1106,222.2,220.1,-2.1,1.20,0.00,10.00,10.00,0,hold,222.2
18,1116,222.4,220.1,-2.3,0.90,0.00,10.00,10.00,0,hold,222.4
18,1127,222.6,220.1,-2.5,1.02,0.00,10.00,10.00,0,hold,222.6
18,1137,222.9,220.1,-2.8,1.17,0.00,10.00,10.00,0,hold,222.9
19,1147,222.9,220.1,-2.8,1.02,0.00,10.00,10.00,0,hold,222.9
19,1157,223.2,220.1,-3.1,1.17,0.00,10.00,10.00,0,hold,223.2
19,1167,223.4,220.1,-3.3,1.20,0.00,10.00,10.00,0,hold,223.4
19,1177,223.5,220.1,-3.4,0.90,0.00,10.00,10.00,0,hold,223.5
19,1187,223.7,220.1,-3.6,1.20,0.00,10.00,10.00,0,hold,223.7
19,1197,223.8,220.1,-3.7,0.90,0.00,10.00,10.00,0,hold,223.8
20,1207,224.1,220.1,-4.0,1.05,0.00,10.00,10.00,0,hold,224.1
20,1217,224.1,220.1,-4.0,0.90,0.00,10.00,10.00,0,hold,224.1
20,1227,224.2,220.1,-4.1,0.75,0.00,10.00,10.00,0,hold,224.2
20,1237,224.3,220.1,-4.2,0.75,0.00,10.00,10.00,0,hold,224.3
20,1247,224.5,220.1,-4.4,0.60,0.00,10.00,10.00,0,hold,224.5
20,1257,224.5,220.1,-4.4,0.60,0.00,10.00,10.00,0,hold,224.5
21,1268,224.8,220.1,-4.7,0.88,0.00,10.00,10.00,0,hold,224.8
21,1280,224.8,220.1,-4.7,0.70,0.00,10.00,10.00,0,hold,224.8
21,1290,225.0,220.1,-4.9,0.70,0.00,10.00,10.00,0,hold,225.0
21,1300,225.0,220.1,-4.9,0.70,0.00,10.00,10.00,0,hold,225.0
21,1310,225.1,220.1,-5.0,0.43,0.00,10.00,10.00,0,hold,225.1
22,1320,225.2,220.1,-5.1,0.60,0.00,10.00,10.00,0,hold,225.2
22,1330,225.4,220.1,-5.3,0.60,0.00,10.00,10.00,0,hold,225.4
22,1340,225.5,220.1,-5.4,0.75,0.00,10.00,10.00,0,hold,225.5
22,1350,225.5,220.1,-5.4,0.60,0.00,10.00,10.00,0,hold,225.5
22,1360,225.6,220.1,-5.5,0.60,0.00,10.00,10.00,0,hold,225.6
22,1370,225.8,220.1,-5.7,0.60,0.00,10.00,10.00,0,hold,225.8
23,1380,225.7,220.1,-5.6,0.30,0.00,10.00,10.00,0,hold,225.7
23,1390,225.7,220.1,-5.6,0.30,0.00,10.00,10.00,0,hold,225.7
23,1400,225.8,220.1,-5.7,0.30,0.00,10.00,10.00,0,hold,225.8
23,1410,225.9,220.1,-5.8,0.15,0.00,10.00,10.00,0,hold,225.9
23,1420,226.0,220.1,-5.9,0.45,0.00,10.00,10.00,0,hold,226.0
23,1430,226.1,220.1,-6.0,0.60,0.00,10.00,10.00,0,hold,226.1
24,1441,226.0,220.1,-5.9,0.29,0.00,10.00,10.00,0,hold,226.0
24,1451,226.1,220.1,-6.0,0.29,0.00,10.00,10.00,0,hold,226.1
24,1461,226.2,220.1,-6.1,0.29,0.00,10.00,10.00,0,hold,226.2
24,1471,226.2,220.1,-6.1,0.15,0.00,10.00,10.00,0,hold,226.2
24,1481,226.1,220.1,-6.0,0.15,0.00,10.00,10.00,0,hold,226.1
24,1491,226.2,220.1,-6.1,0.15,0.00,10.00,10.00,0,hold,226.2
25,1501,226.1,220.1,-6.0,-0.15,0.00,10.00,10.00,0,hold,226.1
25,1511,226.2,220.1,-6.1,0.00,0.00,10.00,10.00,0,hold,226.2
25,1521,226.2,220.1,-6.1,0.15,0.00,10.00,10.00,0,hold,226.2
25,1531,226.2,220.1,-6.1,0.00,0.00,10.00,10.00,0,hold,226.2
25,1541,226.2,220.1,-6.1,0.15,0.00,10.00,10.00,0,hold,226.2
25,1551,226.3,220.1,-6.2,0.15,0.00,10.00,10.00,0,hold,226.3
26,1561,226.3,220.1,-6.2,0.15,0.00,10.00,10.00,0,hold,226.3
26,1571,226.3,220.1,-6.2,0.15,0.00,10.00,10.00,0,hold,226.3
26,1581,226.2,220.1,-6.1,0.00,0.00,10.00,10.00,0,hold,226.2
26,1591,226.3,220.1,-6.2,0.00,0.00,10.00,10.00,0,hold,226.3
26,1601,226.2,220.1,-6.1,-0.15,0.00,10.00,10.00,0,hold,226.2
26,1611,226.2,220.1,-6.1,-0.15,0.00,10.00,10.00,0,hold,226.2
27,1621,226.2,220.1,-6.1,0.00,0.00,10.00,10.00,0,hold,226.2
27,1631,226.2,220.1,-6.1,-0.15,0.00,10.00,10.00,0,hold,226.2
27,1641,226.1,220.1,-6.0,-0.15,0.00,10.00,10.00,0,hold,226.1
27,1651,226.0,220.1,-5.9,-0.30,0.00,10.00,10.00,0,hold,226.0
27,1661,226.0,220.1,-5.9,-0.30,0.00,10.00,10.00,0,hold,226.0
27,1671,226.0,220.1,-5.9,-0.30,0.00,10.00,10.00,0,hold,226.0
28,1681,226.0,220.1,-5.9,-0.15,0.00,10.00,10.00,0,hold,226.0
28,1691,225.9,220.1,-5.8,-0.15,0.00,10.00,10.00,0,hold,225.9
28,1703,225.9,220.1,-5.8,-0.14,0.00,10.00,10.00,0,hold,225.9
28,1713,225.9,220.1,-5.8,-0.14,0.00,10.00,10.00,0,hold,225.9
28,1723,225.8,220.1,-5.7,-0.29,0.00,10.00,10.00,0,hold,225.8
28,1733,225.8,220.1,-5.7,-0.14,0.00,10.00,10.00,0,hold,225.8
29,1743,225.7,220.1,-5.6,-0.30,0.00,10.00,10.00,0,hold,225.7
29,1753,225.7,220.1,-5.6,-0.30,0.00,10.00,10.00,0,hold,225.7

